
##############################
---------a.vrp----------------
Solution: [[0, 6, 7, 0], [0, 5, 2, 0], [0, 4, 3, 0], [0, 8, 1, 0]]
101
Total time:  17.12369990348816  secs.

##############################
---------------b.vrp---------
Solution: [[0, 1, 5, 13, 0], [0, 2, 7, 0], [0, 11, 15, 12, 0], [0, 6, 0], [0, 3, 4, 0], [0, 0], [0, 10, 8, 0], [0, 14, 9, 0]]
97

##############################
-------------c.vrp-----------
Solution: [[0, 5, 8, 18, 19, 0], [0, 13, 17, 16, 12, 0], [0, 2, 9, 10, 3, 11, 20, 0], [0, 15, 7, 1, 4, 6, 21, 14, 0]]
5863

##############################
-----------------d.vrp----------
Solution: [[0, 15, 10, 8, 11, 9, 29, 5, 0], [0, 13, 31, 19, 21, 17, 6, 7, 30, 0], [0, 12, 16, 14, 3, 23, 4, 0], [0, 2, 25, 18, 22, 0], [0, 20, 26, 1, 27, 28, 24, 0]]
364

##############################
-----------e.vrp-------------
Solution: [[0, 12, 0], [0, 1, 11, 3, 0], [0, 8, 4, 5, 6, 0], [0, 7, 9, 2, 10, 0]]
114

##############################
Solution: [[0, 6, 9, 11, 1, 0], [0, 12, 0], [0, 8, 4, 5, 0], [0, 2, 10, 3, 7, 0]]
119

##############################
Solution: [[0, 4, 3, 0], [0, 8, 0], [0, 1, 2, 0], [0, 5, 7, 6, 0]]
111
