##############################
---------a.vrp----------------
Solution: [[0, 2, 5, 0], [0, 3, 4, 0], [0, 7, 6, 0], [0, 1, 8, 0]]
101
Total time:  3.708604097366333  secs.


##############################
---------b.vrp----------------
Solution: [[0, 1, 2, 0], [0, 4, 0], [0, 6, 0], [0, 8, 10, 0], [0, 12, 11, 0], [0, 9, 13, 7, 0], [0, 5, 14, 0], [0, 3, 15, 0]]
85
Total time:  22.1493501663208  secs.


##############################
---------c.vrp----------------
Solution: [[0, 1, 3, 4, 5, 0], [0, 2, 6, 7, 8, 9, 10, 11, 12, 0], [0, 13, 14, 15, 16, 17, 0], [0, 18, 20, 21, 19, 0]]
6043
Total time:  26.581604957580566  secs.

##############################
---------d.vrp----------------
Solution: [[0, 11, 9, 22, 15, 10, 20, 0], [0, 31, 17, 13, 7, 16, 12, 14, 0], [0, 6, 21, 19, 2, 27, 0], [0, 23, 8, 18, 29, 25, 5, 24, 0], [0, 26, 30, 1, 28, 4, 3, 0]]
304
Total time:  80.84178400039673  secs.

##############################
---------e.vrp----------------
Solution: [[0, 8, 6, 3, 1, 0], [0, 4, 5, 7, 0], [0, 2, 10, 11, 9, 0], [0, 12, 0]]
114
Total time:  7.900439023971558  secs.